# Job started on: Fri Aug 23 16:50:11 CEST 2019 ....
# FONLL heavy quark hadroproduction cross section, calculated on Fri Aug 23 16:50:48 CEST 2019
# FONLL version and perturbative order: ## FONLL v1.3.2 fonll [ds/dpt^2dy (pb/GeV^2)]
# quark = bottom
# final state = meson. NP params (cm,lm,hm) = 24.2, 26.7, 22.2
# BR(q->meson) = 1
# ebeam1 = 2515, ebeam2 = 2515
# PDF set = CTEQ6.6
# ptmin = 1
# ptmax = 100
# ymin  = -2.4
# ymax  = 2.4
# Uncertainties from scales, masses combined quadratically
# cross section is ds/dpt (pb/GeV)
# pt      central      min       max       min_sc     max_sc     min_mass   max_mass   fr=.5 .5     fr=2 2     fr=2 1     fr=1 2    fr=1 .5    fr=.5 1
   1.0000 1.2992e+07 6.8871e+06 1.9826e+07 7.4187e+06 1.9029e+07 1.0500e+07 1.6194e+07 1.2162e+07 1.2812e+07 1.6467e+07 9.5035e+06 1.9029e+07 7.4187e+06
   2.0000 1.9797e+07 1.1165e+07 2.9281e+07 1.1920e+07 2.8172e+07 1.6265e+07 2.4248e+07 1.9038e+07 1.9500e+07 2.4623e+07 1.4734e+07 2.8172e+07 1.1920e+07
   3.0000 2.0580e+07 1.2403e+07 2.9919e+07 1.3116e+07 2.8966e+07 1.7240e+07 2.4690e+07 2.0502e+07 2.0035e+07 2.5275e+07 1.5430e+07 2.8966e+07 1.3116e+07
   4.0000 1.7900e+07 1.1472e+07 2.5856e+07 1.2022e+07 2.5221e+07 1.5299e+07 2.1016e+07 1.8509e+07 1.7092e+07 2.1745e+07 1.3426e+07 2.5221e+07 1.2022e+07
   5.0000 1.4108e+07 9.5517e+06 2.0303e+07 9.9316e+06 1.9925e+07 1.2287e+07 1.6238e+07 1.5106e+07 1.3203e+07 1.6941e+07 1.0574e+07 1.9925e+07 9.9316e+06
   6.0000 1.0556e+07 7.5021e+06 1.5120e+07 7.7524e+06 1.4904e+07 9.3452e+06 1.1943e+07 1.1657e+07 9.7079e+06 1.2523e+07 7.9156e+06 1.4904e+07 7.7524e+06
   7.0000 7.7160e+06 5.6421e+06 1.0982e+07 5.7992e+06 1.0858e+07 6.9242e+06 8.6089e+06 8.7281e+06 6.9970e+06 9.0439e+06 5.7992e+06 1.0858e+07 5.8716e+06
   8.0000 5.6033e+06 4.1326e+06 7.9146e+06 4.2273e+06 7.8411e+06 5.0842e+06 6.1819e+06 6.4531e+06 5.0265e+06 6.4929e+06 4.2273e+06 7.8411e+06 4.3932e+06
   9.0000 4.0806e+06 3.0348e+06 5.7152e+06 3.0933e+06 5.6702e+06 3.7358e+06 4.4612e+06 4.7467e+06 3.6306e+06 4.6784e+06 3.0933e+06 5.6702e+06 3.2686e+06
  10.0000 2.9946e+06 2.2453e+06 4.1570e+06 2.2824e+06 4.1286e+06 2.7618e+06 3.2496e+06 3.5098e+06 2.6482e+06 3.4003e+06 2.2824e+06 4.1286e+06 2.4444e+06
  11.0000 2.2195e+06 1.6773e+06 3.0532e+06 1.7014e+06 3.0348e+06 2.0595e+06 2.3936e+06 2.6150e+06 1.9541e+06 2.4983e+06 1.7014e+06 3.0348e+06 1.8413e+06
  12.0000 1.6634e+06 1.2667e+06 2.2673e+06 1.2828e+06 2.2551e+06 1.5515e+06 1.7845e+06 1.9658e+06 1.4599e+06 1.8574e+06 1.2828e+06 2.2551e+06 1.3988e+06
  13.0000 1.2603e+06 9.6673e+05 1.7025e+06 9.7770e+05 1.6942e+06 1.1808e+06 1.3459e+06 1.4927e+06 1.1037e+06 1.3973e+06 9.7770e+05 1.6942e+06 1.0728e+06
  14.0000 9.6495e+05 7.4541e+05 1.2923e+06 7.5302e+05 1.2865e+06 9.0764e+05 1.0263e+06 1.1445e+06 8.4390e+05 1.0631e+06 7.5302e+05 1.2865e+06 8.3070e+05
  15.0000 7.4656e+05 5.8069e+05 9.9148e+05 5.8606e+05 9.8738e+05 7.0467e+05 7.9116e+05 8.8594e+05 6.5238e+05 8.1772e+05 5.8606e+05 9.8738e+05 6.4918e+05
  16.0000 5.8315e+05 4.5651e+05 7.6821e+05 4.6036e+05 7.6528e+05 5.5218e+05 6.1599e+05 6.9202e+05 5.0938e+05 6.3539e+05 4.6036e+05 7.6528e+05 5.1164e+05
  17.0000 4.5960e+05 3.6198e+05 6.0076e+05 3.6476e+05 5.9863e+05 4.3645e+05 4.8403e+05 5.4514e+05 4.0144e+05 4.9841e+05 3.6476e+05 5.9863e+05 4.0647e+05
  18.0000 3.6528e+05 2.8938e+05 4.7398e+05 2.9142e+05 4.7241e+05 3.4780e+05 3.8364e+05 4.3289e+05 3.1914e+05 3.9447e+05 2.9142e+05 4.7241e+05 3.2543e+05
  19.0000 2.9263e+05 2.3312e+05 3.7702e+05 2.3463e+05 3.7586e+05 2.7931e+05 3.0656e+05 3.4640e+05 2.5577e+05 3.1478e+05 2.3463e+05 3.7586e+05 2.6246e+05
  20.0000 2.3616e+05 1.8914e+05 3.0221e+05 1.9026e+05 3.0134e+05 2.2593e+05 2.4683e+05 2.7920e+05 2.0653e+05 2.5312e+05 1.9026e+05 3.0134e+05 2.1312e+05
  21.0000 1.9192e+05 1.5447e+05 2.4403e+05 1.5532e+05 2.4337e+05 1.8399e+05 2.0016e+05 2.2656e+05 1.6794e+05 2.0502e+05 1.5532e+05 2.4337e+05 1.7416e+05
  22.0000 1.5699e+05 1.2693e+05 1.9844e+05 1.2758e+05 1.9794e+05 1.5080e+05 1.6340e+05 1.8502e+05 1.3748e+05 1.6721e+05 1.2758e+05 1.9794e+05 1.4316e+05
  23.0000 1.2920e+05 1.0492e+05 1.6238e+05 1.0541e+05 1.6199e+05 1.2433e+05 1.3421e+05 1.5200e+05 1.1322e+05 1.3722e+05 1.0541e+05 1.6199e+05 1.1835e+05
  24.0000 1.0692e+05 8.7200e+04 1.3363e+05 8.7580e+04 1.3334e+05 1.0307e+05 1.1088e+05 1.2557e+05 9.3778e+04 1.1327e+05 8.7580e+04 1.3334e+05 9.8373e+04
  25.0000 8.8961e+04 7.2848e+04 1.1059e+05 7.3143e+04 1.1036e+05 8.5895e+04 9.2104e+04 1.0429e+05 7.8091e+04 9.4011e+04 7.3143e+04 1.1036e+05 8.2184e+04
  26.0000 7.4397e+04 6.1157e+04 9.2027e+04 6.1387e+04 9.1847e+04 7.1942e+04 7.6908e+04 8.7054e+04 6.5361e+04 7.8445e+04 6.1387e+04 9.1847e+04 6.8989e+04
  27.0000 6.2523e+04 5.1582e+04 7.6991e+04 5.1762e+04 7.6850e+04 6.0546e+04 6.4540e+04 7.3028e+04 5.4974e+04 6.5797e+04 5.1762e+04 7.6850e+04 5.8178e+04
  28.0000 5.2782e+04 4.3695e+04 6.4718e+04 4.3837e+04 6.4606e+04 5.1181e+04 5.4410e+04 6.1537e+04 4.6446e+04 5.5445e+04 4.3837e+04 6.4606e+04 4.9271e+04
  29.0000 4.4746e+04 3.7165e+04 5.4636e+04 3.7278e+04 5.4548e+04 4.3443e+04 4.6068e+04 5.2071e+04 3.9408e+04 4.6922e+04 3.7278e+04 5.4548e+04 4.1898e+04
  30.0000 3.8088e+04 3.1735e+04 4.6318e+04 3.1825e+04 4.6247e+04 3.7021e+04 3.9166e+04 4.4241e+04 3.3571e+04 3.9872e+04 3.1825e+04 4.6247e+04 3.5766e+04
  31.0000 3.2547e+04 2.7199e+04 3.9425e+04 2.7271e+04 3.9368e+04 3.1670e+04 3.3432e+04 3.7737e+04 2.8710e+04 3.4016e+04 2.7271e+04 3.9368e+04 3.0645e+04
  32.0000 2.7918e+04 2.3395e+04 3.3690e+04 2.3453e+04 3.3643e+04 2.7192e+04 2.8648e+04 3.2314e+04 2.4644e+04 2.9131e+04 2.3453e+04 3.3643e+04 2.6351e+04
  33.0000 2.4036e+04 2.0192e+04 2.8900e+04 2.0240e+04 2.8862e+04 2.3433e+04 2.4641e+04 2.7777e+04 2.1231e+04 2.5040e+04 2.0240e+04 2.8862e+04 2.2737e+04
  34.0000 2.0764e+04 1.7485e+04 2.4880e+04 1.7524e+04 2.4849e+04 2.0261e+04 2.1268e+04 2.3958e+04 1.8352e+04 2.1599e+04 1.7524e+04 2.4849e+04 1.9682e+04
  35.0000 1.7993e+04 1.5186e+04 2.1490e+04 1.5218e+04 2.1465e+04 1.7571e+04 1.8413e+04 2.0728e+04 1.5912e+04 1.8691e+04 1.5218e+04 2.1465e+04 1.7088e+04
  36.0000 1.5637e+04 1.3228e+04 1.8621e+04 1.3254e+04 1.8600e+04 1.5283e+04 1.5990e+04 1.7986e+04 1.3838e+04 1.6224e+04 1.3254e+04 1.8600e+04 1.4880e+04
  37.0000 1.3630e+04 1.1555e+04 1.6184e+04 1.1577e+04 1.6167e+04 1.3331e+04 1.3926e+04 1.5652e+04 1.2069e+04 1.4125e+04 1.1577e+04 1.6167e+04 1.2993e+04
  38.0000 1.1913e+04 1.0122e+04 1.4107e+04 1.0140e+04 1.4093e+04 1.1661e+04 1.2163e+04 1.3659e+04 1.0555e+04 1.2333e+04 1.0140e+04 1.4093e+04 1.1377e+04
  39.0000 1.0441e+04 8.8897e+03 1.2332e+04 8.9045e+03 1.2320e+04 1.0227e+04 1.0653e+04 1.1953e+04 9.2562e+03 1.0798e+04 8.9045e+03 1.2320e+04 9.9886e+03
  40.0000 9.1748e+03 7.8280e+03 1.0809e+04 7.8403e+03 1.0799e+04 8.9929e+03 9.3555e+03 1.0489e+04 8.1384e+03 9.4795e+03 7.8403e+03 1.0799e+04 8.7929e+03
  41.0000 8.0835e+03 6.9106e+03 9.4999e+03 6.9209e+03 9.4915e+03 7.9280e+03 8.2378e+03 9.2289e+03 7.1738e+03 8.3432e+03 6.9209e+03 9.4915e+03 7.7603e+03
  42.0000 7.1388e+03 6.1143e+03 8.3699e+03 6.1230e+03 8.3627e+03 7.0055e+03 7.2711e+03 8.1398e+03 6.3383e+03 7.3608e+03 6.1230e+03 8.3627e+03 6.8641e+03
  43.0000 6.3187e+03 5.4213e+03 7.3917e+03 5.4286e+03 7.3857e+03 6.2041e+03 6.4324e+03 7.1954e+03 5.6126e+03 6.5092e+03 5.4286e+03 7.3857e+03 6.0841e+03
  44.0000 5.6049e+03 4.8167e+03 6.5429e+03 4.8229e+03 6.5378e+03 5.5061e+03 5.7030e+03 6.3746e+03 4.9808e+03 5.7690e+03 4.8229e+03 6.5378e+03 5.4039e+03
  45.0000 4.9823e+03 4.2882e+03 5.8043e+03 4.2935e+03 5.8000e+03 4.8967e+03 5.0670e+03 5.6595e+03 4.4293e+03 5.1239e+03 4.2935e+03 5.8000e+03 4.8093e+03
  46.0000 4.4378e+03 3.8251e+03 5.1601e+03 3.8296e+03 5.1564e+03 4.3636e+03 4.5113e+03 5.0350e+03 3.9469e+03 4.5605e+03 3.8296e+03 5.1564e+03 4.2885e+03
  47.0000 3.9607e+03 3.4186e+03 4.5968e+03 3.4224e+03 4.5936e+03 3.8961e+03 4.0246e+03 4.4884e+03 3.5239e+03 4.0672e+03 3.4224e+03 4.5936e+03 3.8315e+03
  48.0000 3.5416e+03 3.0610e+03 4.1032e+03 3.0644e+03 4.1004e+03 3.4853e+03 3.5973e+03 4.0089e+03 3.1522e+03 3.6342e+03 3.0644e+03 4.1004e+03 3.4298e+03
  49.0000 3.1728e+03 2.7460e+03 3.6696e+03 2.7488e+03 3.6672e+03 3.1236e+03 3.2215e+03 3.5876e+03 2.8250e+03 3.2535e+03 2.7488e+03 3.6672e+03 3.0759e+03
  50.0000 2.8477e+03 2.4678e+03 3.2879e+03 2.4703e+03 3.2858e+03 2.8044e+03 2.8903e+03 3.2165e+03 2.5363e+03 2.9179e+03 2.4703e+03 3.2858e+03 2.7637e+03
  51.0000 2.5602e+03 2.2216e+03 2.9511e+03 2.2238e+03 2.9493e+03 2.5222e+03 2.5977e+03 2.8889e+03 2.2810e+03 2.6215e+03 2.2238e+03 2.9493e+03 2.4875e+03
  52.0000 2.3056e+03 2.0031e+03 2.6534e+03 2.0050e+03 2.6518e+03 2.2721e+03 2.3386e+03 2.5991e+03 2.0547e+03 2.3592e+03 2.0050e+03 2.6518e+03 2.2423e+03
  53.0000 2.0796e+03 1.8089e+03 2.3897e+03 1.8105e+03 2.3883e+03 2.0500e+03 2.1087e+03 2.3421e+03 1.8538e+03 2.1266e+03 1.8105e+03 2.3883e+03 2.0245e+03
  54.0000 1.8786e+03 1.6359e+03 2.1557e+03 1.6373e+03 2.1545e+03 1.8524e+03 1.9044e+03 2.1139e+03 1.6751e+03 1.9199e+03 1.6373e+03 2.1545e+03 1.8305e+03
  55.0000 1.6996e+03 1.4816e+03 1.9476e+03 1.4828e+03 1.9466e+03 1.6764e+03 1.7225e+03 1.9108e+03 1.5159e+03 1.7360e+03 1.4828e+03 1.9466e+03 1.6574e+03
  56.0000 1.5399e+03 1.3437e+03 1.7623e+03 1.3448e+03 1.7614e+03 1.5193e+03 1.5602e+03 1.7298e+03 1.3738e+03 1.5720e+03 1.3448e+03 1.7614e+03 1.5029e+03
  57.0000 1.3972e+03 1.2204e+03 1.5970e+03 1.2213e+03 1.5962e+03 1.3788e+03 1.4153e+03 1.5682e+03 1.2467e+03 1.4255e+03 1.2213e+03 1.5962e+03 1.3647e+03
  58.0000 1.2694e+03 1.1098e+03 1.4492e+03 1.1107e+03 1.4485e+03 1.2531e+03 1.2856e+03 1.4237e+03 1.1330e+03 1.2945e+03 1.1107e+03 1.4485e+03 1.2408e+03
  59.0000 1.1549e+03 1.0106e+03 1.3169e+03 1.0114e+03 1.3163e+03 1.1403e+03 1.1693e+03 1.2942e+03 1.0310e+03 1.1771e+03 1.0114e+03 1.3163e+03 1.1297e+03
  60.0000 1.0521e+03 9.2148e+02 1.1983e+03 9.2214e+02 1.1977e+03 1.0390e+03 1.0650e+03 1.1781e+03 9.3937e+02 1.0718e+03 9.2214e+02 1.1977e+03 1.0298e+03
  61.0000 9.5961e+02 8.4125e+02 1.0917e+03 8.4183e+02 1.0912e+03 9.4788e+02 9.7118e+02 1.0738e+03 8.5697e+02 9.7709e+02 8.4183e+02 1.0912e+03 9.4003e+02
  62.0000 8.7635e+02 7.6894e+02 9.9590e+02 7.6946e+02 9.9544e+02 8.6581e+02 8.8675e+02 9.7998e+02 7.8276e+02 8.9186e+02 7.6946e+02 9.9544e+02 8.5911e+02
  63.0000 8.0126e+02 7.0366e+02 9.0959e+02 7.0412e+02 9.0918e+02 7.9178e+02 8.1062e+02 8.9540e+02 7.1581e+02 8.1504e+02 7.0412e+02 9.0918e+02 7.8607e+02
  64.0000 7.3345e+02 6.4464e+02 8.3175e+02 6.4505e+02 8.3139e+02 7.2490e+02 7.4189e+02 8.1909e+02 6.5534e+02 7.4571e+02 6.4505e+02 8.3139e+02 7.2003e+02
  65.0000 6.7213e+02 5.9121e+02 7.6146e+02 5.9158e+02 7.6114e+02 6.6441e+02 6.7975e+02 7.5013e+02 6.0064e+02 6.8305e+02 5.9158e+02 7.6114e+02 6.6027e+02
  66.0000 6.1661e+02 5.4278e+02 6.9790e+02 5.4311e+02 6.9761e+02 6.0963e+02 6.2350e+02 6.8774e+02 5.5110e+02 6.2635e+02 5.4311e+02 6.9761e+02 6.0610e+02
  67.0000 5.6627e+02 4.9883e+02 6.4035e+02 4.9913e+02 6.4009e+02 5.5996e+02 5.7252e+02 6.3122e+02 5.0618e+02 5.7497e+02 4.9913e+02 6.4009e+02 5.5696e+02
  68.0000 5.2059e+02 4.5891e+02 5.8817e+02 4.5918e+02 5.8793e+02 5.1486e+02 5.2625e+02 5.7996e+02 4.6539e+02 5.2836e+02 4.5918e+02 5.8793e+02 5.1232e+02
  69.0000 4.7907e+02 4.2260e+02 5.4081e+02 4.2284e+02 5.4059e+02 4.7387e+02 4.8422e+02 5.3340e+02 4.2832e+02 4.8603e+02 4.2284e+02 5.4059e+02 4.7172e+02
  70.0000 4.4130e+02 3.8953e+02 4.9776e+02 3.8975e+02 4.9757e+02 4.3656e+02 4.4598e+02 4.9107e+02 3.9459e+02 4.4753e+02 3.8975e+02 4.9757e+02 4.3475e+02
  71.0000 4.0689e+02 3.5939e+02 4.5859e+02 3.5958e+02 4.5841e+02 4.0258e+02 4.1116e+02 4.5255e+02 3.6386e+02 4.1247e+02 3.5958e+02 4.5841e+02 4.0106e+02
  72.0000 3.7551e+02 3.3188e+02 4.2290e+02 3.3206e+02 4.2274e+02 3.7158e+02 3.7941e+02 4.1743e+02 3.3583e+02 3.8052e+02 3.3206e+02 4.2274e+02 3.7032e+02
  73.0000 3.4687e+02 3.0675e+02 3.9035e+02 3.0691e+02 3.9021e+02 3.4328e+02 3.5043e+02 3.8540e+02 3.1025e+02 3.5136e+02 3.0691e+02 3.9021e+02 3.4225e+02
  74.0000 3.2070e+02 2.8378e+02 3.6063e+02 2.8392e+02 3.6050e+02 3.1742e+02 3.2395e+02 3.5614e+02 2.8686e+02 3.2473e+02 2.8392e+02 3.6050e+02 3.1658e+02
  75.0000 2.9675e+02 2.6274e+02 3.3346e+02 2.6288e+02 3.3334e+02 2.9375e+02 2.9973e+02 3.2939e+02 2.6546e+02 3.0037e+02 2.6288e+02 3.3334e+02 2.9309e+02
  76.0000 2.7483e+02 2.4347e+02 3.0860e+02 2.4360e+02 3.0849e+02 2.7207e+02 2.7756e+02 3.0491e+02 2.4586e+02 2.7807e+02 2.4360e+02 3.0849e+02 2.7157e+02
  77.0000 2.5473e+02 2.2580e+02 2.8583e+02 2.2591e+02 2.8573e+02 2.5220e+02 2.5724e+02 2.8248e+02 2.2790e+02 2.5764e+02 2.2591e+02 2.8573e+02 2.5184e+02
  78.0000 2.3629e+02 2.0958e+02 2.6497e+02 2.0968e+02 2.6487e+02 2.3397e+02 2.3860e+02 2.6192e+02 2.1142e+02 2.3890e+02 2.0968e+02 2.6487e+02 2.3372e+02
  79.0000 2.1937e+02 1.9466e+02 2.4582e+02 1.9476e+02 2.4574e+02 2.1723e+02 2.2148e+02 2.4305e+02 1.9628e+02 2.2171e+02 1.9476e+02 2.4574e+02 2.1708e+02
  80.0000 2.0381e+02 1.8095e+02 2.2824e+02 1.8104e+02 2.2817e+02 2.0184e+02 2.0576e+02 2.2572e+02 1.8237e+02 2.0591e+02 1.8104e+02 2.2817e+02 2.0177e+02
  81.0000 1.8950e+02 1.6833e+02 2.1209e+02 1.6841e+02 2.1202e+02 1.8769e+02 1.9129e+02 2.0978e+02 1.6957e+02 1.9139e+02 1.6841e+02 2.1202e+02 1.8768e+02
  82.0000 1.7632e+02 1.5670e+02 1.9722e+02 1.5677e+02 1.9716e+02 1.7465e+02 1.7798e+02 1.9512e+02 1.5778e+02 1.7802e+02 1.5677e+02 1.9716e+02 1.7471e+02
  83.0000 1.6418e+02 1.4598e+02 1.8354e+02 1.4604e+02 1.8348e+02 1.6263e+02 1.6571e+02 1.8162e+02 1.4692e+02 1.6571e+02 1.4604e+02 1.8348e+02 1.6274e+02
  84.0000 1.5298e+02 1.3608e+02 1.7093e+02 1.3614e+02 1.7087e+02 1.5155e+02 1.5440e+02 1.6917e+02 1.3691e+02 1.5436e+02 1.3614e+02 1.7087e+02 1.5170e+02
  85.0000 1.4264e+02 1.2695e+02 1.5929e+02 1.2700e+02 1.5924e+02 1.4132e+02 1.4396e+02 1.5769e+02 1.2766e+02 1.4388e+02 1.2700e+02 1.5924e+02 1.4151e+02
  86.0000 1.3310e+02 1.1850e+02 1.4855e+02 1.1855e+02 1.4851e+02 1.3188e+02 1.3431e+02 1.4708e+02 1.1912e+02 1.3421e+02 1.1855e+02 1.4851e+02 1.3209e+02
  87.0000 1.2427e+02 1.1069e+02 1.3863e+02 1.1073e+02 1.3859e+02 1.2314e+02 1.2539e+02 1.3728e+02 1.1122e+02 1.2527e+02 1.1073e+02 1.3859e+02 1.2337e+02
  88.0000 1.1610e+02 1.0345e+02 1.2946e+02 1.0350e+02 1.2942e+02 1.1505e+02 1.1715e+02 1.2822e+02 1.0391e+02 1.1700e+02 1.0350e+02 1.2942e+02 1.1531e+02
  89.0000 1.0854e+02 9.6754e+01 1.2097e+02 9.6794e+01 1.2093e+02 1.0756e+02 1.0951e+02 1.1983e+02 9.7141e+01 1.0935e+02 9.6794e+01 1.2093e+02 1.0783e+02
  90.0000 1.0153e+02 9.0543e+01 1.1310e+02 9.0580e+01 1.1307e+02 1.0062e+02 1.0243e+02 1.1206e+02 9.0870e+01 1.0226e+02 9.0580e+01 1.1307e+02 1.0091e+02
  91.0000 9.5032e+01 8.4781e+01 1.0582e+02 8.4815e+01 1.0578e+02 9.4190e+01 9.5872e+01 1.0486e+02 8.5053e+01 9.5686e+01 8.4815e+01 1.0578e+02 9.4481e+01
  92.0000 8.9001e+01 7.9431e+01 9.9054e+01 7.9463e+01 9.9024e+01 8.8217e+01 8.9783e+01 9.8172e+01 7.9655e+01 8.9588e+01 7.9463e+01 9.9024e+01 8.8517e+01
  93.0000 8.3400e+01 7.4461e+01 9.2777e+01 7.4491e+01 9.2749e+01 8.2670e+01 8.4128e+01 9.1967e+01 7.4642e+01 8.3924e+01 7.4491e+01 9.2749e+01 8.2975e+01
  94.0000 7.8195e+01 6.9841e+01 8.6948e+01 6.9868e+01 8.6921e+01 7.7514e+01 7.8874e+01 8.6203e+01 6.9984e+01 7.8664e+01 6.9868e+01 8.6921e+01 7.7825e+01
  95.0000 7.3356e+01 6.5543e+01 8.1532e+01 6.5569e+01 8.1507e+01 7.2721e+01 7.3989e+01 8.0847e+01 6.5653e+01 7.3775e+01 6.5569e+01 8.1507e+01 7.3034e+01
  96.0000 6.8854e+01 6.1544e+01 7.6496e+01 6.1568e+01 7.6473e+01 6.8262e+01 6.9446e+01 7.5866e+01 6.1624e+01 6.9229e+01 6.1568e+01 7.6473e+01 6.8576e+01
  97.0000 6.4664e+01 5.7819e+01 7.1811e+01 5.7841e+01 7.1790e+01 6.4111e+01 6.5217e+01 7.1232e+01 5.7873e+01 6.4998e+01 5.7841e+01 7.1790e+01 6.4424e+01
  98.0000 6.0761e+01 5.4348e+01 6.7450e+01 5.4369e+01 6.7430e+01 6.0244e+01 6.1278e+01 6.6916e+01 5.4380e+01 6.1059e+01 5.4369e+01 6.7430e+01 6.0556e+01
  99.0000 5.7124e+01 5.1104e+01 6.3388e+01 5.1123e+01 6.3369e+01 5.6640e+01 5.7608e+01 6.2896e+01 5.1123e+01 5.7388e+01 5.1131e+01 6.3369e+01 5.6949e+01
 100.0000 5.3732e+01 4.8068e+01 5.9601e+01 4.8087e+01 5.9584e+01 5.3279e+01 5.4185e+01 5.9148e+01 4.8087e+01 5.3966e+01 4.8110e+01 5.9584e+01 5.3584e+01