# Job started on: Fri Aug 23 16:50:38 CEST 2019 ....
# FONLL heavy quark hadroproduction cross section, calculated on Fri Aug 23 16:51:15 CEST 2019
# FONLL version and perturbative order: ## FONLL v1.3.2 fonll [ds/dpt^2dy (pb/GeV^2)]
# quark = bottom
# final state = meson. NP params (cm,lm,hm) = 24.2, 26.7, 22.2
# BR(q->meson) = 1
# ebeam1 = 3500, ebeam2 = 3500
# PDF set = CTEQ6.6
# ptmin = 1
# ptmax = 100
# ymin  = -2.4
# ymax  = 2.4
# Uncertainties from scales, masses combined quadratically
# cross section is ds/dpt (pb/GeV)
# pt      central      min       max       min_sc     max_sc     min_mass   max_mass   fr=.5 .5     fr=2 2     fr=2 1     fr=1 2    fr=1 .5    fr=.5 1
   1.0000 1.6515e+07 8.3470e+06 2.5193e+07 8.9544e+06 2.4244e+07 1.3424e+07 2.0462e+07 1.4797e+07 1.6664e+07 2.1266e+07 1.2065e+07 2.4244e+07 8.9544e+06
   2.0000 2.5339e+07 1.3670e+07 3.7464e+07 1.4538e+07 3.6128e+07 2.0924e+07 3.0874e+07 2.3413e+07 2.5508e+07 3.1961e+07 1.8838e+07 3.6128e+07 1.4538e+07
   3.0000 2.6691e+07 1.5423e+07 3.8827e+07 1.6253e+07 3.7655e+07 2.2449e+07 3.1894e+07 2.5617e+07 2.6551e+07 3.3276e+07 1.9986e+07 3.7655e+07 1.6253e+07
   4.0000 2.3614e+07 1.4533e+07 3.4168e+07 1.5183e+07 3.3367e+07 2.0240e+07 2.7647e+07 2.3566e+07 2.3037e+07 2.9172e+07 1.7681e+07 3.3367e+07 1.5183e+07
   5.0000 1.8948e+07 1.2340e+07 2.7337e+07 1.2796e+07 2.6850e+07 1.6536e+07 2.1765e+07 1.9612e+07 1.8117e+07 2.3177e+07 1.4171e+07 2.6850e+07 1.2796e+07
   6.0000 1.4425e+07 9.8798e+06 2.0722e+07 1.0184e+07 2.0437e+07 1.2789e+07 1.6298e+07 1.5424e+07 1.3551e+07 1.7447e+07 1.0792e+07 2.0437e+07 1.0184e+07
   7.0000 1.0717e+07 7.6559e+06 1.5300e+07 7.8560e+06 1.5133e+07 9.6285e+06 1.1944e+07 1.1756e+07 9.9250e+06 1.2812e+07 8.0363e+06 1.5133e+07 7.8560e+06
   8.0000 7.9011e+06 5.8171e+06 1.1194e+07 5.9474e+06 1.1093e+07 7.1756e+06 8.7092e+06 8.8371e+06 7.2357e+06 9.3376e+06 5.9474e+06 1.1093e+07 5.9787e+06
   9.0000 5.8349e+06 4.3320e+06 8.1955e+06 4.4138e+06 8.1330e+06 5.3460e+06 6.3744e+06 6.5993e+06 5.2978e+06 6.8212e+06 4.4138e+06 8.1330e+06 4.5178e+06
  10.0000 4.3381e+06 3.2473e+06 6.0378e+06 3.2999e+06 5.9979e+06 4.0035e+06 4.7045e+06 4.9488e+06 3.9133e+06 5.0207e+06 3.2999e+06 5.9979e+06 3.4276e+06
  11.0000 3.2544e+06 2.4556e+06 4.4876e+06 2.4903e+06 4.4613e+06 3.0216e+06 3.5077e+06 3.7360e+06 2.9215e+06 3.7319e+06 2.4903e+06 4.4613e+06 2.6170e+06
  12.0000 2.4670e+06 1.8759e+06 3.3701e+06 1.8994e+06 3.3524e+06 2.3022e+06 2.6451e+06 2.8436e+06 2.2066e+06 2.8051e+06 1.8994e+06 3.3524e+06 2.0133e+06
  13.0000 1.8890e+06 1.4472e+06 2.5574e+06 1.4633e+06 2.5452e+06 1.7708e+06 2.0162e+06 2.1843e+06 1.6853e+06 2.1318e+06 1.4633e+06 2.5452e+06 1.5626e+06
  14.0000 1.4610e+06 1.1274e+06 1.9604e+06 1.1387e+06 1.9518e+06 1.3750e+06 1.5532e+06 1.6934e+06 1.3012e+06 1.6375e+06 1.1387e+06 1.9518e+06 1.2236e+06
  15.0000 1.1415e+06 8.8694e+05 1.5181e+06 8.9499e+05 1.5119e+06 1.0780e+06 1.2091e+06 1.3247e+06 1.0154e+06 1.2711e+06 8.9499e+05 1.5119e+06 9.6648e+05
  16.0000 8.9985e+05 7.0376e+05 1.1868e+06 7.0956e+05 1.1824e+06 8.5247e+05 9.5006e+05 1.0451e+06 7.9989e+05 9.9633e+05 7.0956e+05 1.1824e+06 7.6941e+05
  17.0000 7.1537e+05 5.6296e+05 9.3614e+05 5.6720e+05 9.3290e+05 6.7966e+05 7.5304e+05 8.3107e+05 6.3568e+05 7.8802e+05 5.6720e+05 9.3290e+05 6.1717e+05
  18.0000 5.7336e+05 4.5392e+05 7.4466e+05 4.5705e+05 7.4227e+05 5.4618e+05 6.0191e+05 6.6595e+05 5.0946e+05 6.2858e+05 4.5705e+05 7.4227e+05 4.9872e+05
  19.0000 4.6308e+05 3.6869e+05 5.9708e+05 3.7103e+05 5.9529e+05 4.4220e+05 4.8492e+05 5.3759e+05 4.1152e+05 5.0545e+05 3.7103e+05 5.9529e+05 4.0580e+05
  20.0000 3.7668e+05 3.0150e+05 4.8233e+05 3.0326e+05 4.8097e+05 3.6050e+05 3.9353e+05 4.3696e+05 3.3482e+05 4.0948e+05 3.0326e+05 4.8097e+05 3.3232e+05
  21.0000 3.0842e+05 2.4812e+05 3.9235e+05 2.4946e+05 3.9132e+05 2.9579e+05 3.2152e+05 3.5746e+05 2.7426e+05 3.3406e+05 2.4946e+05 3.9132e+05 2.7380e+05
  22.0000 2.5410e+05 2.0542e+05 3.2126e+05 2.0644e+05 3.2048e+05 2.4417e+05 2.6436e+05 2.9417e+05 2.2606e+05 2.7432e+05 2.0644e+05 3.2048e+05 2.2687e+05
  23.0000 2.1058e+05 1.7103e+05 2.6467e+05 1.7182e+05 2.6406e+05 2.0271e+05 2.1867e+05 2.4349e+05 1.8745e+05 2.2664e+05 1.7182e+05 2.6406e+05 1.8902e+05
  24.0000 1.7548e+05 1.4315e+05 2.1931e+05 1.4376e+05 2.1883e+05 1.6921e+05 1.8190e+05 2.0265e+05 1.5630e+05 1.8832e+05 1.4376e+05 2.1883e+05 1.5830e+05
  25.0000 1.4699e+05 1.2041e+05 1.8271e+05 1.2088e+05 1.8234e+05 1.4197e+05 1.5213e+05 1.6952e+05 1.3101e+05 1.5732e+05 1.2088e+05 1.8234e+05 1.3321e+05
  26.0000 1.2374e+05 1.0175e+05 1.5303e+05 1.0213e+05 1.5274e+05 1.1969e+05 1.2786e+05 1.4251e+05 1.1035e+05 1.3210e+05 1.0213e+05 1.5274e+05 1.1261e+05
  27.0000 1.0465e+05 8.6367e+04 1.2881e+05 8.6664e+04 1.2858e+05 1.0137e+05 1.0798e+05 1.2035e+05 9.3388e+04 1.1146e+05 8.6664e+04 1.2858e+05 9.5599e+04
  28.0000 8.8894e+04 7.3617e+04 1.0892e+05 7.3853e+04 1.0874e+05 8.6221e+04 9.1604e+04 1.0208e+05 7.9379e+04 9.4468e+04 7.3853e+04 1.0874e+05 8.1498e+04
  29.0000 7.5824e+04 6.3003e+04 9.2495e+04 6.3191e+04 9.2347e+04 7.3634e+04 7.8038e+04 8.6947e+04 6.7752e+04 8.0410e+04 6.3191e+04 9.2347e+04 6.9753e+04
  30.0000 6.4930e+04 5.4124e+04 7.8870e+04 5.4275e+04 7.8751e+04 6.3129e+04 6.6748e+04 7.4345e+04 5.8055e+04 6.8722e+04 5.4275e+04 7.8751e+04 5.9926e+04
  31.0000 5.5812e+04 4.6665e+04 6.7520e+04 4.6787e+04 6.7424e+04 5.4322e+04 5.7310e+04 6.3810e+04 4.9933e+04 5.8962e+04 4.6787e+04 6.7424e+04 5.1668e+04
  32.0000 4.8146e+04 4.0373e+04 5.8028e+04 4.0472e+04 5.7949e+04 4.6909e+04 4.9388e+04 5.4966e+04 4.3101e+04 5.0778e+04 4.0472e+04 5.7949e+04 4.4699e+04
  33.0000 4.1678e+04 3.5044e+04 5.0059e+04 3.5124e+04 4.9995e+04 4.0646e+04 4.2711e+04 4.7514e+04 3.7332e+04 4.3889e+04 3.5124e+04 4.9995e+04 3.8797e+04
  34.0000 3.6196e+04 3.0513e+04 4.3334e+04 3.0580e+04 4.3281e+04 3.5332e+04 3.7059e+04 4.1207e+04 3.2439e+04 3.8063e+04 3.0580e+04 4.3281e+04 3.3779e+04
  35.0000 3.1531e+04 2.6648e+04 3.7630e+04 2.6702e+04 3.7587e+04 3.0805e+04 3.2256e+04 3.5846e+04 2.8275e+04 3.3112e+04 2.6702e+04 3.7587e+04 2.9497e+04
  36.0000 2.7548e+04 2.3339e+04 3.2776e+04 2.3383e+04 3.2740e+04 2.6936e+04 2.8159e+04 3.1276e+04 2.4717e+04 2.8891e+04 2.3383e+04 3.2740e+04 2.5831e+04
  37.0000 2.4137e+04 2.0496e+04 2.8632e+04 2.0533e+04 2.8602e+04 2.3618e+04 2.4654e+04 2.7366e+04 2.1669e+04 2.5280e+04 2.0533e+04 2.8602e+04 2.2682e+04
  38.0000 2.1207e+04 1.8047e+04 2.5083e+04 1.8078e+04 2.5058e+04 2.0766e+04 2.1645e+04 2.4012e+04 1.9048e+04 2.2183e+04 1.8078e+04 2.5058e+04 1.9970e+04
  39.0000 1.8682e+04 1.5931e+04 2.2035e+04 1.5957e+04 2.2014e+04 1.8306e+04 1.9056e+04 2.1127e+04 1.6788e+04 1.9518e+04 1.5957e+04 2.2014e+04 1.7626e+04
  40.0000 1.6501e+04 1.4097e+04 1.9409e+04 1.4119e+04 1.9392e+04 1.6179e+04 1.6820e+04 1.8639e+04 1.4834e+04 1.7218e+04 1.4119e+04 1.9392e+04 1.5596e+04
  41.0000 1.4611e+04 1.2504e+04 1.7142e+04 1.2522e+04 1.7127e+04 1.4334e+04 1.4885e+04 1.6486e+04 1.3140e+04 1.5228e+04 1.2522e+04 1.7127e+04 1.3832e+04
  42.0000 1.2967e+04 1.1116e+04 1.5175e+04 1.1131e+04 1.5163e+04 1.2728e+04 1.3203e+04 1.4615e+04 1.1666e+04 1.3499e+04 1.1131e+04 1.5163e+04 1.2294e+04
  43.0000 1.1532e+04 9.9024e+03 1.3465e+04 9.9155e+03 1.3454e+04 1.1326e+04 1.1736e+04 1.2984e+04 1.0379e+04 1.1993e+04 9.9155e+03 1.3454e+04 1.0951e+04
  44.0000 1.0278e+04 8.8397e+03 1.1975e+04 8.8508e+03 1.1965e+04 1.0099e+04 1.0454e+04 1.1559e+04 9.2535e+03 1.0679e+04 8.8508e+03 1.1965e+04 9.7740e+03
  45.0000 9.1782e+03 7.9068e+03 1.0672e+04 7.9163e+03 1.0664e+04 9.0231e+03 9.3316e+03 1.0312e+04 8.2666e+03 9.5277e+03 7.9163e+03 1.0664e+04 8.7412e+03
  46.0000 8.2125e+03 7.0860e+03 9.5300e+03 7.0941e+03 9.5232e+03 8.0774e+03 8.3460e+03 9.2166e+03 7.3994e+03 8.5180e+03 7.0941e+03 9.5232e+03 7.8327e+03
  47.0000 7.3626e+03 6.3624e+03 8.5277e+03 6.3694e+03 8.5218e+03 7.2446e+03 7.4791e+03 8.2541e+03 6.6359e+03 7.6302e+03 6.3694e+03 8.5218e+03 7.0318e+03
  48.0000 6.6130e+03 5.7233e+03 7.6455e+03 5.7293e+03 7.6404e+03 6.5097e+03 6.7150e+03 7.4062e+03 5.9622e+03 6.8479e+03 5.7293e+03 7.6404e+03 6.3244e+03
  49.0000 5.9508e+03 5.1576e+03 6.8675e+03 5.1628e+03 6.8631e+03 5.8600e+03 6.0403e+03 6.6581e+03 5.3667e+03 6.1571e+03 5.1628e+03 6.8631e+03 5.6985e+03
  50.0000 5.3645e+03 4.6560e+03 6.1800e+03 4.6606e+03 6.1762e+03 5.2847e+03 5.4433e+03 5.9966e+03 4.8394e+03 5.5460e+03 4.6606e+03 6.1762e+03 5.1436e+03
  51.0000 4.8442e+03 4.2100e+03 5.5710e+03 4.2140e+03 5.5676e+03 4.7737e+03 4.9137e+03 5.4102e+03 4.3711e+03 5.0040e+03 4.2140e+03 5.5676e+03 4.6503e+03
  52.0000 4.3813e+03 3.8125e+03 5.0303e+03 3.8159e+03 5.0274e+03 4.3189e+03 4.4427e+03 4.8890e+03 3.9543e+03 4.5224e+03 3.8159e+03 5.0274e+03 4.2105e+03
  53.0000 3.9686e+03 3.4575e+03 4.5495e+03 3.4605e+03 4.5469e+03 3.9134e+03 4.0231e+03 4.4248e+03 3.5827e+03 4.0935e+03 3.4605e+03 4.5469e+03 3.8180e+03
  54.0000 3.6002e+03 3.1400e+03 4.1210e+03 3.1427e+03 4.1188e+03 3.5511e+03 3.6485e+03 4.0107e+03 3.2508e+03 3.7109e+03 3.1427e+03 4.1188e+03 3.4669e+03
  55.0000 3.2706e+03 2.8557e+03 3.7386e+03 2.8580e+03 3.7366e+03 3.2269e+03 3.3137e+03 3.6407e+03 2.9539e+03 3.3691e+03 2.8580e+03 3.7366e+03 3.1526e+03
  56.0000 2.9754e+03 2.6006e+03 3.3966e+03 2.6027e+03 3.3948e+03 2.9365e+03 3.0138e+03 3.3095e+03 2.6878e+03 3.0632e+03 2.6027e+03 3.3948e+03 2.8706e+03
  57.0000 2.7106e+03 2.3715e+03 3.0903e+03 2.3733e+03 3.0888e+03 2.6758e+03 2.7449e+03 3.0126e+03 2.4490e+03 2.7889e+03 2.3733e+03 3.0888e+03 2.6174e+03
  58.0000 2.4726e+03 2.1654e+03 2.8155e+03 2.1670e+03 2.8141e+03 2.4415e+03 2.5033e+03 2.7461e+03 2.2344e+03 2.5426e+03 2.1670e+03 2.8141e+03 2.3897e+03
  59.0000 2.2585e+03 1.9798e+03 2.5686e+03 1.9812e+03 2.5674e+03 2.2306e+03 2.2861e+03 2.5065e+03 2.0413e+03 2.3212e+03 1.9812e+03 2.5674e+03 2.1846e+03
  60.0000 2.0656e+03 1.8124e+03 2.3464e+03 1.8136e+03 2.3453e+03 2.0405e+03 2.0903e+03 2.2908e+03 1.8672e+03 2.1217e+03 1.8136e+03 2.3453e+03 1.9997e+03
  61.0000 1.8915e+03 1.6612e+03 2.1461e+03 1.6623e+03 2.1451e+03 1.8689e+03 1.9137e+03 2.0963e+03 1.7101e+03 1.9418e+03 1.6623e+03 2.1451e+03 1.8327e+03
  62.0000 1.7341e+03 1.5244e+03 1.9653e+03 1.5254e+03 1.9645e+03 1.7138e+03 1.7542e+03 1.9207e+03 1.5681e+03 1.7793e+03 1.5254e+03 1.9645e+03 1.6817e+03
  63.0000 1.5917e+03 1.4005e+03 1.8019e+03 1.4014e+03 1.8011e+03 1.5733e+03 1.6099e+03 1.7618e+03 1.4395e+03 1.6323e+03 1.4014e+03 1.8011e+03 1.5449e+03
  64.0000 1.4626e+03 1.2880e+03 1.6540e+03 1.2888e+03 1.6533e+03 1.4460e+03 1.4790e+03 1.6179e+03 1.3230e+03 1.4991e+03 1.2888e+03 1.6533e+03 1.4207e+03
  65.0000 1.3454e+03 1.1858e+03 1.5199e+03 1.1865e+03 1.5193e+03 1.3304e+03 1.3603e+03 1.4874e+03 1.2171e+03 1.3783e+03 1.1865e+03 1.5193e+03 1.3078e+03
  66.0000 1.2390e+03 1.0928e+03 1.3983e+03 1.0934e+03 1.3977e+03 1.2253e+03 1.2524e+03 1.3689e+03 1.1209e+03 1.2686e+03 1.0934e+03 1.3977e+03 1.2052e+03
  67.0000 1.1421e+03 1.0081e+03 1.2877e+03 1.0086e+03 1.2872e+03 1.1296e+03 1.1543e+03 1.2611e+03 1.0334e+03 1.1689e+03 1.0086e+03 1.2872e+03 1.1117e+03
  68.0000 1.0538e+03 9.3081e+02 1.1871e+03 9.3133e+02 1.1867e+03 1.0425e+03 1.0650e+03 1.1630e+03 9.5360e+02 1.0780e+03 9.3133e+02 1.1867e+03 1.0264e+03
  69.0000 9.7331e+02 8.6030e+02 1.0955e+03 8.6077e+02 1.0951e+03 9.6300e+02 9.8348e+02 1.0736e+03 8.8084e+02 9.9527e+02 8.6077e+02 1.0951e+03 9.4857e+02
  70.0000 8.9982e+02 7.9587e+02 1.0119e+03 7.9629e+02 1.0116e+03 8.9042e+02 9.0911e+02 9.9208e+02 8.1440e+02 9.1973e+02 7.9629e+02 1.0116e+03 8.7746e+02
  71.0000 8.3266e+02 7.3693e+02 9.3565e+02 7.3732e+02 9.3530e+02 8.2406e+02 8.4114e+02 9.1757e+02 7.5367e+02 8.5073e+02 7.3732e+02 9.3530e+02 8.1243e+02
  72.0000 7.7120e+02 6.8297e+02 8.6591e+02 6.8332e+02 8.6559e+02 7.6334e+02 7.7897e+02 8.4945e+02 6.9810e+02 7.8762e+02 6.8332e+02 8.6559e+02 7.5289e+02
  73.0000 7.1492e+02 6.3352e+02 8.0209e+02 6.3384e+02 8.0180e+02 7.0771e+02 7.2203e+02 7.8708e+02 6.4719e+02 7.2984e+02 6.3384e+02 8.0180e+02 6.9833e+02
  74.0000 6.6331e+02 5.8815e+02 7.4363e+02 5.8844e+02 7.4336e+02 6.5671e+02 6.6984e+02 7.2994e+02 6.0052e+02 6.7689e+02 5.8844e+02 7.4336e+02 6.4829e+02
  75.0000 6.1596e+02 5.4649e+02 6.9001e+02 5.4676e+02 6.8977e+02 6.0989e+02 6.2195e+02 6.7753e+02 5.5768e+02 6.2831e+02 5.4676e+02 6.8977e+02 6.0234e+02
  76.0000 5.7245e+02 5.0821e+02 6.4080e+02 5.0845e+02 6.4058e+02 5.6688e+02 5.7796e+02 6.2940e+02 5.1833e+02 5.8370e+02 5.0845e+02 6.4058e+02 5.6013e+02
  77.0000 5.3245e+02 4.7297e+02 5.9558e+02 4.7319e+02 5.9538e+02 5.2731e+02 5.3752e+02 5.8517e+02 4.8213e+02 5.4270e+02 4.7319e+02 5.9538e+02 5.2128e+02
  78.0000 4.9562e+02 4.4051e+02 5.5401e+02 4.4072e+02 5.5382e+02 4.9089e+02 5.0030e+02 5.4448e+02 4.4881e+02 5.0497e+02 4.4072e+02 5.5382e+02 4.8549e+02
  79.0000 4.6170e+02 4.1059e+02 5.1574e+02 4.1077e+02 5.1556e+02 4.5734e+02 4.6601e+02 5.0701e+02 4.1811e+02 4.7024e+02 4.1077e+02 5.1556e+02 4.5250e+02
  80.0000 4.3042e+02 3.8297e+02 4.8048e+02 3.8314e+02 4.8032e+02 4.2639e+02 4.3440e+02 4.7248e+02 3.8980e+02 4.3822e+02 3.8314e+02 4.8032e+02 4.2205e+02
  81.0000 4.0155e+02 3.5747e+02 4.4797e+02 3.5763e+02 4.4782e+02 3.9782e+02 4.0523e+02 4.4063e+02 3.6367e+02 4.0868e+02 3.5763e+02 4.4782e+02 3.9393e+02
  82.0000 3.7488e+02 3.3390e+02 4.1797e+02 3.3404e+02 4.1783e+02 3.7144e+02 3.7829e+02 4.1122e+02 3.3953e+02 3.8141e+02 3.3404e+02 4.1783e+02 3.6795e+02
  83.0000 3.5023e+02 3.1209e+02 3.9025e+02 3.1223e+02 3.9013e+02 3.4704e+02 3.5339e+02 3.8405e+02 3.1721e+02 3.5622e+02 3.1223e+02 3.9013e+02 3.4391e+02
  84.0000 3.2742e+02 2.9190e+02 3.6463e+02 2.9203e+02 3.6452e+02 3.2447e+02 3.3035e+02 3.5892e+02 2.9656e+02 3.3291e+02 2.9203e+02 3.6452e+02 3.2166e+02
  85.0000 3.0631e+02 2.7320e+02 3.4093e+02 2.7332e+02 3.4082e+02 3.0356e+02 3.0902e+02 3.3566e+02 2.7744e+02 3.1134e+02 2.7332e+02 3.4082e+02 3.0104e+02
  86.0000 2.8674e+02 2.5586e+02 3.1898e+02 2.5597e+02 3.1888e+02 2.8419e+02 2.8926e+02 3.1412e+02 2.5972e+02 2.9136e+02 2.5597e+02 3.1888e+02 2.8193e+02
  87.0000 2.6859e+02 2.3977e+02 2.9863e+02 2.3987e+02 2.9854e+02 2.6622e+02 2.7094e+02 2.9415e+02 2.4329e+02 2.7284e+02 2.3987e+02 2.9854e+02 2.6420e+02
  88.0000 2.5175e+02 2.2483e+02 2.7977e+02 2.2492e+02 2.7968e+02 2.4955e+02 2.5393e+02 2.7562e+02 2.2804e+02 2.5565e+02 2.2492e+02 2.7968e+02 2.4773e+02
  89.0000 2.3611e+02 2.1095e+02 2.6225e+02 2.1104e+02 2.6217e+02 2.3406e+02 2.3814e+02 2.5842e+02 2.1387e+02 2.3970e+02 2.1104e+02 2.6217e+02 2.3243e+02
  90.0000 2.2157e+02 1.9805e+02 2.4599e+02 1.9812e+02 2.4591e+02 2.1966e+02 2.2347e+02 2.4244e+02 2.0071e+02 2.2488e+02 1.9812e+02 2.4591e+02 2.1821e+02
  91.0000 2.0805e+02 1.8604e+02 2.3086e+02 1.8611e+02 2.3080e+02 2.0627e+02 2.0982e+02 2.2759e+02 1.8846e+02 2.1109e+02 1.8611e+02 2.3080e+02 2.0498e+02
  92.0000 1.9547e+02 1.7486e+02 2.1680e+02 1.7492e+02 2.1673e+02 1.9381e+02 1.9712e+02 2.1376e+02 1.7706e+02 1.9827e+02 1.7492e+02 2.1673e+02 1.9266e+02
  93.0000 1.8375e+02 1.6444e+02 2.0370e+02 1.6450e+02 2.0364e+02 1.8219e+02 1.8529e+02 2.0090e+02 1.6645e+02 1.8632e+02 1.6450e+02 2.0364e+02 1.8118e+02
  94.0000 1.7283e+02 1.5473e+02 1.9150e+02 1.5479e+02 1.9145e+02 1.7138e+02 1.7427e+02 1.8891e+02 1.5656e+02 1.7520e+02 1.5479e+02 1.9145e+02 1.7048e+02
  95.0000 1.6265e+02 1.4567e+02 1.8014e+02 1.4572e+02 1.8009e+02 1.6129e+02 1.6399e+02 1.7773e+02 1.4733e+02 1.6483e+02 1.4572e+02 1.8009e+02 1.6049e+02
  96.0000 1.5314e+02 1.3721e+02 1.6954e+02 1.3726e+02 1.6949e+02 1.5187e+02 1.5441e+02 1.6731e+02 1.3872e+02 1.5516e+02 1.3726e+02 1.6949e+02 1.5118e+02
  97.0000 1.4427e+02 1.2931e+02 1.5965e+02 1.2935e+02 1.5960e+02 1.4308e+02 1.4546e+02 1.5758e+02 1.3069e+02 1.4613e+02 1.2935e+02 1.5960e+02 1.4247e+02
  98.0000 1.3599e+02 1.2192e+02 1.5042e+02 1.2197e+02 1.5038e+02 1.3487e+02 1.3709e+02 1.4849e+02 1.2318e+02 1.3770e+02 1.2197e+02 1.5038e+02 1.3434e+02
  99.0000 1.2824e+02 1.1502e+02 1.4179e+02 1.1506e+02 1.4175e+02 1.2719e+02 1.2928e+02 1.4000e+02 1.1616e+02 1.2982e+02 1.1506e+02 1.4175e+02 1.2673e+02
 100.0000 1.2099e+02 1.0856e+02 1.3373e+02 1.0859e+02 1.3369e+02 1.2001e+02 1.2197e+02 1.3206e+02 1.0960e+02 1.2245e+02 1.0859e+02 1.3369e+02 1.1961e+02